856150152
851561668
880039712
853148880
854210690
883771237
876550788
821927822
781734832
850129790
863326590
865684578
785881274
826143546
885239478
859361387
856194678
870647555
870646163
870639691
856150152
870639086
851561668
846557351
803501143
855247187
870476086
870475882
773520663
890984594
712532488
880039712
715191464
819569889
803602064
849515743
846557351
803501143
884999933
808487424
884603202
884008904
889998746
861323111
758237735
850129790
859364503
847726427
867629707
867626862
875647054
867630480
